matrix <-
structure(c(12L, 7L, 4L, 11L, 6L, 8L, 10L, 15L, 9L, 13L, 2L, 
14L, 16L, 5L, 1L, 3L), .Dim = c(4L, 4L))
